160	30	5	24

3	5	7	7	7	5	5	5	4	4	5	6	6	4	5	7	8	4	5	6	4	5	4	5	5	4	4	6	9	6

1	2	3
4	5	6	7	8
9	10	11	12	13	14	15
16	17	18	19	20	21	22
23	24	25	26	27	28	29
30	31	32	33	34
35	36	37	38	39
40	41	42	43	44
45	46	47	48
49	50	51	52
53	54	55	56	57
58	59	60	61	62	63
64	65	66	67	68	69
70	71	72	73
74	75	76	77	78
79	80	81	82	83	84	85
86	87	88	89	90	91	92	93
94	95	96	97
98	99	100	101	102
103	104	105	106	107	108
109	110	111	112
113	114	115	116	117
118	119	120	121
122	123	124	125	126
127	128	129	130	131
132	133	134	135
136	137	138	139
140	141	142	143	144	145
146	147	148	149	150	151	152	153	154
155	156	157	158	159	160

12	12	14	15	16	14	5	20	13	1	17	14	15	7	16	14	10	18	11	21	9	8	16	9	13	1	14	15	15	3

8	8	8	8	8	8	8	8	8	8	8	8	8	8	8	8	8	8	8	8	8	8	8	8	
Total_matching_score:_23.0

160	30	5	24

5	5	4	5	5	5	8	5	5	5	7	5	8	5	5	4	5	5	5	7	5	4	7	6	4	5	4	6	5	6

1	2	3	4	5
6	7	8	9	10
11	12	13	14
15	16	17	18	19
20	21	22	23	24
25	26	27	28	29
30	31	32	33	34	35	36	37
38	39	40	41	42
43	44	45	46	47
48	49	50	51	52
53	54	55	56	57	58	59
60	61	62	63	64
65	66	67	68	69	70	71	72
73	74	75	76	77
78	79	80	81	82
83	84	85	86
87	88	89	90	91
92	93	94	95	96
97	98	99	100	101
102	103	104	105	106	107	108
109	110	111	112	113
114	115	116	117
118	119	120	121	122	123	124
125	126	127	128	129	130
131	132	133	134
135	136	137	138	139
140	141	142	143
144	145	146	147	148	149
150	151	152	153	154
155	156	157	158	159	160

15	10	3	13	14	14	9	8	16	15	18	3	16	7	13	9	18	7	7	18	15	16	3	13	3	14	13	12	1	14

8	8	8	8	8	8	8	8	8	8	8	8	8	8	8	8	8	8	8	8	8	8	8	8	
Total_matching_score:_23.0

160	30	5	24

4	6	8	7	3	6	6	5	5	4	6	5	4	5	7	3	6	4	4	6	5	6	9	4	4	4	7	7	5	5

1	2	3	4
5	6	7	8	9	10
11	12	13	14	15	16	17	18
19	20	21	22	23	24	25
26	27	28
29	30	31	32	33	34
35	36	37	38	39	40
41	42	43	44	45
46	47	48	49	50
51	52	53	54
55	56	57	58	59	60
61	62	63	64	65
66	67	68	69
70	71	72	73	74
75	76	77	78	79	80	81
82	83	84
85	86	87	88	89	90
91	92	93	94
95	96	97	98
99	100	101	102	103	104
105	106	107	108	109
110	111	112	113	114	115
116	117	118	119	120	121	122	123	124
125	126	127	128
129	130	131	132
133	134	135	136
137	138	139	140	141	142	143
144	145	146	147	148	149	150
151	152	153	154	155
156	157	158	159	160

14	13	6	7	15	4	2	16	4	18	4	8	1	16	8	18	17	5	7	12	1	10	14	15	13	10	11	13	13	3

8	8	8	8	8	8	8	8	8	8	8	8	8	8	8	8	8	8	8	8	8	8	8	8	
Total_matching_score:_25.0

160	30	5	24

7	6	3	5	4	7	5	3	4	7	4	4	5	5	7	5	5	5	4	5	8	6	7	4	3	6	7	8	7	4

1	2	3	4	5	6	7
8	9	10	11	12	13
14	15	16
17	18	19	20	21
22	23	24	25
26	27	28	29	30	31	32
33	34	35	36	37
38	39	40
41	42	43	44
45	46	47	48	49	50	51
52	53	54	55
56	57	58	59
60	61	62	63	64
65	66	67	68	69
70	71	72	73	74	75	76
77	78	79	80	81
82	83	84	85	86
87	88	89	90	91
92	93	94	95
96	97	98	99	100
101	102	103	104	105	106	107	108
109	110	111	112	113	114
115	116	117	118	119	120	121
122	123	124	125
126	127	128
129	130	131	132	133	134
135	136	137	138	139	140	141
142	143	144	145	146	147	148	149
150	151	152	153	154	155	156
157	158	159	160

6	3	10	13	3	14	14	8	13	13	17	7	8	19	9	13	14	15	6	14	15	16	18	8	14	8	15	16	10	18

8	8	8	8	8	8	8	8	8	8	8	8	8	8	8	8	8	8	8	8	8	8	8	8	
Total_matching_score:_25.0

160	30	5	24

4	5	5	3	4	5	6	6	5	4	6	3	5	6	5	4	6	5	5	6	5	6	8	6	3	9	5	7	6	7

1	2	3	4
5	6	7	8	9
10	11	12	13	14
15	16	17
18	19	20	21
22	23	24	25	26
27	28	29	30	31	32
33	34	35	36	37	38
39	40	41	42	43
44	45	46	47
48	49	50	51	52	53
54	55	56
57	58	59	60	61
62	63	64	65	66	67
68	69	70	71	72
73	74	75	76
77	78	79	80	81	82
83	84	85	86	87
88	89	90	91	92
93	94	95	96	97	98
99	100	101	102	103
104	105	106	107	108	109
110	111	112	113	114	115	116	117
118	119	120	121	122	123
124	125	126
127	128	129	130	131	132	133	134	135
136	137	138	139	140
141	142	143	144	145	146	147
148	149	150	151	152	153
154	155	156	157	158	159	160

16	3	1	3	18	4	5	24	13	3	11	6	17	2	12	15	11	3	10	18	7	1	15	2	6	13	17	9	5	22

8	8	8	8	8	8	8	8	8	8	8	8	8	8	8	8	8	8	8	8	8	8	8	8	
Total_matching_score:_25.0

160	30	5	24

8	4	6	5	5	7	9	4	4	5	5	5	3	4	6	4	7	6	5	4	9	3	4	7	3	5	4	6	6	7

1	2	3	4	5	6	7	8
9	10	11	12
13	14	15	16	17	18
19	20	21	22	23
24	25	26	27	28
29	30	31	32	33	34	35
36	37	38	39	40	41	42	43	44
45	46	47	48
49	50	51	52
53	54	55	56	57
58	59	60	61	62
63	64	65	66	67
68	69	70
71	72	73	74
75	76	77	78	79	80
81	82	83	84
85	86	87	88	89	90	91
92	93	94	95	96	97
98	99	100	101	102
103	104	105	106
107	108	109	110	111	112	113	114	115
116	117	118
119	120	121	122
123	124	125	126	127	128	129
130	131	132
133	134	135	136	137
138	139	140	141
142	143	144	145	146	147
148	149	150	151	152	153
154	155	156	157	158	159	160

7	1	2	18	7	10	2	3	13	1	18	3	15	13	7	12	15	15	15	24	9	7	13	18	3	11	10	7	6	11

8	8	8	8	8	8	8	8	8	8	8	8	8	8	8	8	8	8	8	8	8	8	8	8	
Total_matching_score:_27.0

160	30	5	24

3	8	6	6	7	5	4	5	7	6	5	5	4	4	7	6	5	4	6	7	4	6	5	6	5	3	4	5	7	5

1	2	3
4	5	6	7	8	9	10	11
12	13	14	15	16	17
18	19	20	21	22	23
24	25	26	27	28	29	30
31	32	33	34	35
36	37	38	39
40	41	42	43	44
45	46	47	48	49	50	51
52	53	54	55	56	57
58	59	60	61	62
63	64	65	66	67
68	69	70	71
72	73	74	75
76	77	78	79	80	81	82
83	84	85	86	87	88
89	90	91	92	93
94	95	96	97
98	99	100	101	102	103
104	105	106	107	108	109	110
111	112	113	114
115	116	117	118	119	120
121	122	123	124	125
126	127	128	129	130	131
132	133	134	135	136
137	138	139
140	141	142	143
144	145	146	147	148
149	150	151	152	153	154	155
156	157	158	159	160

1	1	13	14	17	23	15	12	8	6	13	10	11	16	7	11	12	14	2	17	1	15	13	4	3	13	5	15	4	1

8	8	8	8	8	8	8	8	8	8	8	8	8	8	8	8	8	8	8	8	8	8	8	8	
Total_matching_score:_27.0

160	30	5	24

5	6	4	7	4	5	5	5	4	6	7	5	3	5	5	5	7	4	6	4	5	7	5	6	6	4	4	7	7	7

1	2	3	4	5
6	7	8	9	10	11
12	13	14	15
16	17	18	19	20	21	22
23	24	25	26
27	28	29	30	31
32	33	34	35	36
37	38	39	40	41
42	43	44	45
46	47	48	49	50	51
52	53	54	55	56	57	58
59	60	61	62	63
64	65	66
67	68	69	70	71
72	73	74	75	76
77	78	79	80	81
82	83	84	85	86	87	88
89	90	91	92
93	94	95	96	97	98
99	100	101	102
103	104	105	106	107
108	109	110	111	112	113	114
115	116	117	118	119
120	121	122	123	124	125
126	127	128	129	130	131
132	133	134	135
136	137	138	139
140	141	142	143	144	145	146
147	148	149	150	151	152	153
154	155	156	157	158	159	160

14	7	1	9	3	3	1	4	12	13	11	8	18	9	14	5	16	9	5	3	7	22	8	24	15	9	9	15	7	9

8	8	8	8	8	8	8	8	8	8	8	8	8	8	8	8	8	8	8	8	8	8	8	8	
Total_matching_score:_28.0

160	30	5	24

3	5	5	3	8	5	7	5	4	6	6	5	5	5	5	8	7	4	6	3	6	5	6	6	6	6	4	4	5	7

1	2	3
4	5	6	7	8
9	10	11	12	13
14	15	16
17	18	19	20	21	22	23	24
25	26	27	28	29
30	31	32	33	34	35	36
37	38	39	40	41
42	43	44	45
46	47	48	49	50	51
52	53	54	55	56	57
58	59	60	61	62
63	64	65	66	67
68	69	70	71	72
73	74	75	76	77
78	79	80	81	82	83	84	85
86	87	88	89	90	91	92
93	94	95	96
97	98	99	100	101	102
103	104	105
106	107	108	109	110	111
112	113	114	115	116
117	118	119	120	121	122
123	124	125	126	127	128
129	130	131	132	133	134
135	136	137	138	139	140
141	142	143	144
145	146	147	148
149	150	151	152	153
154	155	156	157	158	159	160

15	11	13	14	4	16	13	2	14	22	17	16	2	18	1	18	14	15	17	13	17	12	11	17	16	8	14	17	15	1

8	8	8	8	8	8	8	8	8	8	8	8	8	8	8	8	8	8	8	8	8	8	8	8	
Total_matching_score:_28.0

160	30	5	24

5	5	3	5	6	7	4	5	5	4	8	4	4	5	4	8	5	8	7	4	7	4	3	4	7	6	5	6	6	6

1	2	3	4	5
6	7	8	9	10
11	12	13
14	15	16	17	18
19	20	21	22	23	24
25	26	27	28	29	30	31
32	33	34	35
36	37	38	39	40
41	42	43	44	45
46	47	48	49
50	51	52	53	54	55	56	57
58	59	60	61
62	63	64	65
66	67	68	69	70
71	72	73	74
75	76	77	78	79	80	81	82
83	84	85	86	87
88	89	90	91	92	93	94	95
96	97	98	99	100	101	102
103	104	105	106
107	108	109	110	111	112	113
114	115	116	117
118	119	120
121	122	123	124
125	126	127	128	129	130	131
132	133	134	135	136	137
138	139	140	141	142
143	144	145	146	147	148
149	150	151	152	153	154
155	156	157	158	159	160

1	10	6	17	3	14	7	6	18	18	15	2	18	4	14	4	16	8	7	8	8	10	3	3	1	15	6	13	8	20

8	8	8	8	8	8	8	8	8	8	8	8	8	8	8	8	8	8	8	8	8	8	8	8	
Total_matching_score:_30.0

160	30	5	24

5	8	4	7	6	4	5	6	6	5	4	6	6	7	4	4	6	6	7	3	8	4	4	5	5	6	4	6	4	5

1	2	3	4	5
6	7	8	9	10	11	12	13
14	15	16	17
18	19	20	21	22	23	24
25	26	27	28	29	30
31	32	33	34
35	36	37	38	39
40	41	42	43	44	45
46	47	48	49	50	51
52	53	54	55	56
57	58	59	60
61	62	63	64	65	66
67	68	69	70	71	72
73	74	75	76	77	78	79
80	81	82	83
84	85	86	87
88	89	90	91	92	93
94	95	96	97	98	99
100	101	102	103	104	105	106
107	108	109
110	111	112	113	114	115	116	117
118	119	120	121
122	123	124	125
126	127	128	129	130
131	132	133	134	135
136	137	138	139	140	141
142	143	144	145
146	147	148	149	150	151
152	153	154	155
156	157	158	159	160

8	5	3	13	16	7	15	15	6	4	9	1	13	7	5	2	7	5	4	17	18	2	7	16	16	18	11	12	4	6

8	8	8	8	8	8	8	8	8	8	8	8	8	8	8	8	8	8	8	8	8	8	8	8	
Total_matching_score:_33.0

160	30	5	24

6	6	4	5	6	5	5	7	5	5	7	5	5	5	4	5	4	4	5	5	5	5	6	5	4	9	5	7	6	5

1	2	3	4	5	6
7	8	9	10	11	12
13	14	15	16
17	18	19	20	21
22	23	24	25	26	27
28	29	30	31	32
33	34	35	36	37
38	39	40	41	42	43	44
45	46	47	48	49
50	51	52	53	54
55	56	57	58	59	60	61
62	63	64	65	66
67	68	69	70	71
72	73	74	75	76
77	78	79	80
81	82	83	84	85
86	87	88	89
90	91	92	93
94	95	96	97	98
99	100	101	102	103
104	105	106	107	108
109	110	111	112	113
114	115	116	117	118	119
120	121	122	123	124
125	126	127	128
129	130	131	132	133	134	135	136	137
138	139	140	141	142
143	144	145	146	147	148	149
150	151	152	153	154	155
156	157	158	159	160

2	9	14	7	4	13	14	11	2	11	7	14	20	8	3	15	2	7	14	9	11	1	8	7	16	14	8	14	10	7

8	8	8	8	8	8	8	8	8	8	8	8	8	8	8	8	8	8	8	8	8	8	8	8	
Total_matching_score:_34.0

160	30	5	24

6	6	5	4	5	6	4	6	6	5	6	4	3	6	6	5	5	3	3	7	6	5	6	6	5	6	6	4	6	9

1	2	3	4	5	6
7	8	9	10	11	12
13	14	15	16	17
18	19	20	21
22	23	24	25	26
27	28	29	30	31	32
33	34	35	36
37	38	39	40	41	42
43	44	45	46	47	48
49	50	51	52	53
54	55	56	57	58	59
60	61	62	63
64	65	66
67	68	69	70	71	72
73	74	75	76	77	78
79	80	81	82	83
84	85	86	87	88
89	90	91
92	93	94
95	96	97	98	99	100	101
102	103	104	105	106	107
108	109	110	111	112
113	114	115	116	117	118
119	120	121	122	123	124
125	126	127	128	129
130	131	132	133	134	135
136	137	138	139	140	141
142	143	144	145
146	147	148	149	150	151
152	153	154	155	156	157	158	159	160

2	7	12	17	3	2	17	3	15	15	1	11	20	15	9	7	4	14	7	17	13	10	7	11	7	12	5	18	9	3

8	8	8	8	8	8	8	8	8	8	8	8	8	8	8	8	8	8	8	8	8	8	8	8	
Total_matching_score:_35.0

160	30	5	24

5	7	4	4	6	7	6	6	4	7	4	5	8	5	5	6	5	5	5	5	6	6	3	4	5	5	6	3	5	8

1	2	3	4	5
6	7	8	9	10	11	12
13	14	15	16
17	18	19	20
21	22	23	24	25	26
27	28	29	30	31	32	33
34	35	36	37	38	39
40	41	42	43	44	45
46	47	48	49
50	51	52	53	54	55	56
57	58	59	60
61	62	63	64	65
66	67	68	69	70	71	72	73
74	75	76	77	78
79	80	81	82	83
84	85	86	87	88	89
90	91	92	93	94
95	96	97	98	99
100	101	102	103	104
105	106	107	108	109
110	111	112	113	114	115
116	117	118	119	120	121
122	123	124
125	126	127	128
129	130	131	132	133
134	135	136	137	138
139	140	141	142	143	144
145	146	147
148	149	150	151	152
153	154	155	156	157	158	159	160

2	3	17	5	5	2	19	9	6	5	6	1	18	8	2	9	1	3	17	10	17	4	24	22	14	18	10	11	18	8

8	8	8	8	8	8	8	8	8	8	8	8	8	8	8	8	8	8	8	8	8	8	8	8	
Total_matching_score:_38.0

160	30	5	24

4	6	8	6	7	5	4	6	3	3	4	4	5	5	3	3	8	6	7	5	5	6	6	5	6	4	6	6	7	7

1	2	3	4
5	6	7	8	9	10
11	12	13	14	15	16	17	18
19	20	21	22	23	24
25	26	27	28	29	30	31
32	33	34	35	36
37	38	39	40
41	42	43	44	45	46
47	48	49
50	51	52
53	54	55	56
57	58	59	60
61	62	63	64	65
66	67	68	69	70
71	72	73
74	75	76
77	78	79	80	81	82	83	84
85	86	87	88	89	90
91	92	93	94	95	96	97
98	99	100	101	102
103	104	105	106	107
108	109	110	111	112	113
114	115	116	117	118	119
120	121	122	123	124
125	126	127	128	129	130
131	132	133	134
135	136	137	138	139	140
141	142	143	144	145	146
147	148	149	150	151	152	153
154	155	156	157	158	159	160

23	7	11	6	1	17	7	3	17	3	4	2	9	7	14	7	3	18	18	15	13	18	1	3	14	8	13	4	12	5

8	8	8	8	8	8	8	8	8	8	8	8	8	8	8	8	8	8	8	8	8	8	8	8	
Total_matching_score:_38.0

160	30	5	24

4	5	6	5	6	7	7	4	6	4	6	7	5	3	8	3	5	6	7	5	6	3	6	4	6	6	4	8	5	3

1	2	3	4
5	6	7	8	9
10	11	12	13	14	15
16	17	18	19	20
21	22	23	24	25	26
27	28	29	30	31	32	33
34	35	36	37	38	39	40
41	42	43	44
45	46	47	48	49	50
51	52	53	54
55	56	57	58	59	60
61	62	63	64	65	66	67
68	69	70	71	72
73	74	75
76	77	78	79	80	81	82	83
84	85	86
87	88	89	90	91
92	93	94	95	96	97
98	99	100	101	102	103	104
105	106	107	108	109
110	111	112	113	114	115
116	117	118
119	120	121	122	123	124
125	126	127	128
129	130	131	132	133	134
135	136	137	138	139	140
141	142	143	144
145	146	147	148	149	150	151	152
153	154	155	156	157
158	159	160

8	5	2	18	3	1	9	10	9	3	17	16	15	18	1	21	3	2	5	15	13	12	13	16	15	9	9	10	2	6

8	8	8	8	8	8	8	8	8	8	8	8	8	8	8	8	8	8	8	8	8	8	8	8	
Total_matching_score:_39.0

160	30	5	24

5	5	6	3	4	5	5	6	3	6	6	6	7	3	5	6	6	6	6	4	6	6	3	6	6	6	5	6	6	7

1	2	3	4	5
6	7	8	9	10
11	12	13	14	15	16
17	18	19
20	21	22	23
24	25	26	27	28
29	30	31	32	33
34	35	36	37	38	39
40	41	42
43	44	45	46	47	48
49	50	51	52	53	54
55	56	57	58	59	60
61	62	63	64	65	66	67
68	69	70
71	72	73	74	75
76	77	78	79	80	81
82	83	84	85	86	87
88	89	90	91	92	93
94	95	96	97	98	99
100	101	102	103
104	105	106	107	108	109
110	111	112	113	114	115
116	117	118
119	120	121	122	123	124
125	126	127	128	129	130
131	132	133	134	135	136
137	138	139	140	141
142	143	144	145	146	147
148	149	150	151	152	153
154	155	156	157	158	159	160

17	12	14	3	13	10	14	2	16	13	1	8	1	14	1	13	12	4	18	14	10	5	18	2	13	17	13	2	9	4

8	8	8	8	8	8	8	8	8	8	8	8	8	8	8	8	8	8	8	8	8	8	8	8	
Total_matching_score:_40.0

160	30	5	24

6	4	5	5	4	7	4	6	3	6	5	6	4	8	6	7	5	6	5	3	5	5	6	5	5	7	5	3	7	7

1	2	3	4	5	6
7	8	9	10
11	12	13	14	15
16	17	18	19	20
21	22	23	24
25	26	27	28	29	30	31
32	33	34	35
36	37	38	39	40	41
42	43	44
45	46	47	48	49	50
51	52	53	54	55
56	57	58	59	60	61
62	63	64	65
66	67	68	69	70	71	72	73
74	75	76	77	78	79
80	81	82	83	84	85	86
87	88	89	90	91
92	93	94	95	96	97
98	99	100	101	102
103	104	105
106	107	108	109	110
111	112	113	114	115
116	117	118	119	120	121
122	123	124	125	126
127	128	129	130	131
132	133	134	135	136	137	138
139	140	141	142	143
144	145	146
147	148	149	150	151	152	153
154	155	156	157	158	159	160

16	15	4	8	17	4	7	10	4	15	12	4	7	14	2	11	3	2	6	13	17	17	2	12	2	13	17	3	8	7

8	8	8	8	8	8	8	8	8	8	8	8	8	8	8	8	8	8	8	8	8	8	8	8	
Total_matching_score:_42.0

160	30	5	24

7	8	6	5	5	5	7	6	7	3	5	6	6	4	4	6	8	5	4	5	4	7	5	6	4	4	4	3	6	5

1	2	3	4	5	6	7
8	9	10	11	12	13	14	15
16	17	18	19	20	21
22	23	24	25	26
27	28	29	30	31
32	33	34	35	36
37	38	39	40	41	42	43
44	45	46	47	48	49
50	51	52	53	54	55	56
57	58	59
60	61	62	63	64
65	66	67	68	69	70
71	72	73	74	75	76
77	78	79	80
81	82	83	84
85	86	87	88	89	90
91	92	93	94	95	96	97	98
99	100	101	102	103
104	105	106	107
108	109	110	111	112
113	114	115	116
117	118	119	120	121	122	123
124	125	126	127	128
129	130	131	132	133	134
135	136	137	138
139	140	141	142
143	144	145	146
147	148	149
150	151	152	153	154	155
156	157	158	159	160

13	13	11	14	9	12	10	11	13	9	15	14	9	10	3	14	15	10	11	17	1	17	21	7	22	7	9	14	16	17

8	8	8	8	8	8	8	8	8	8	8	8	8	8	8	8	8	8	8	8	8	8	8	8	
Total_matching_score:_42.0

160	30	5	24

5	8	7	7	5	3	5	6	4	8	5	5	7	4	5	5	5	5	5	4	5	6	4	5	5	4	5	5	6	7

1	2	3	4	5
6	7	8	9	10	11	12	13
14	15	16	17	18	19	20
21	22	23	24	25	26	27
28	29	30	31	32
33	34	35
36	37	38	39	40
41	42	43	44	45	46
47	48	49	50
51	52	53	54	55	56	57	58
59	60	61	62	63
64	65	66	67	68
69	70	71	72	73	74	75
76	77	78	79
80	81	82	83	84
85	86	87	88	89
90	91	92	93	94
95	96	97	98	99
100	101	102	103	104
105	106	107	108
109	110	111	112	113
114	115	116	117	118	119
120	121	122	123
124	125	126	127	128
129	130	131	132	133
134	135	136	137
138	139	140	141	142
143	144	145	146	147
148	149	150	151	152	153
154	155	156	157	158	159	160

13	7	12	4	5	12	15	3	4	2	6	8	1	6	9	3	8	14	23	1	14	6	17	12	11	12	17	1	20	1

8	8	8	8	8	8	8	8	8	8	8	8	8	8	8	8	8	8	8	8	8	8	8	8	
Total_matching_score:_52.0

