100	30	5	24

7	4	2	6	4	2	4	4	3	6	1	2	2	5	4	7	2	5	3	2	3	4	1	2	3	2	2	3	4	1	

1	2	3	4	5	6	7	
8	9	10	11	
12	13	
14	15	16	17	18	19	
20	21	22	23	
24	25	
26	27	28	29	
30	31	32	33	
34	35	36	
37	38	39	40	41	42	
43	
44	45	
46	47	
48	49	50	51	52	
53	54	55	56	
57	58	59	60	61	62	63	
64	65	
66	67	68	69	70	
71	72	73	
74	75	
76	77	78	
79	80	81	82	
83	
84	85	
86	87	88	
89	90	
91	92	
93	94	95	
96	97	98	99	
100	

18	15	16	13	10	14	11	11	18	13	14	18	3	3	9	7	3	11	1	3	18	14	24	18	12	3	8	2	15	15	

5	5	5	5	5	5	5	5	5	5	5	5	5	5	5	5	5	5	5	5	5	5	5	5	

