100	30	5	24

2	1	4	3	4	1	2	4	5	2	2	2	3	6	6	4	2	3	3	7	2	3	4	2	5	1	3	2	6	6	

1	2	
3	
4	5	6	7	
8	9	10	
11	12	13	14	
15	
16	17	
18	19	20	21	
22	23	24	25	26	
27	28	
29	30	
31	32	
33	34	35	
36	37	38	39	40	41	
42	43	44	45	46	47	
48	49	50	51	
52	53	
54	55	56	
57	58	59	
60	61	62	63	64	65	66	
67	68	
69	70	71	
72	73	74	75	
76	77	
78	79	80	81	82	
83	
84	85	86	
87	88	
89	90	91	92	93	94	
95	96	97	98	99	100	

5	11	14	18	7	5	8	14	12	18	9	13	3	12	11	15	16	7	1	2	16	17	5	9	16	1	16	15	18	7	

5	5	5	5	5	5	5	5	5	5	5	5	5	5	5	5	5	5	5	5	5	5	5	5	

