100	30	5	24

1	4	4	3	3	6	1	3	4	3	3	4	3	3	2	2	3	5	2	3	2	3	3	8	5	2	3	6	3	3	

1	
2	3	4	5	
6	7	8	9	
10	11	12	
13	14	15	
16	17	18	19	20	21	
22	
23	24	25	
26	27	28	29	
30	31	32	
33	34	35	
36	37	38	39	
40	41	42	
43	44	45	
46	47	
48	49	
50	51	52	
53	54	55	56	57	
58	59	
60	61	62	
63	64	
65	66	67	
68	69	70	
71	72	73	74	75	76	77	78	
79	80	81	82	83	
84	85	
86	87	88	
89	90	91	92	93	94	
95	96	97	
98	99	100	

5	2	15	13	4	8	15	17	1	16	11	17	17	8	14	9	6	11	17	1	3	23	3	10	5	19	11	16	14	10	

5	5	5	5	5	5	5	5	5	5	5	5	5	5	5	5	5	5	5	5	5	5	5	5	

