130	30	5	24

5	5	3	3	2	8	3	4	4	4	6	6	4	2	4	3	6	4	5	4	3	5	7	3	5	6	4	3	4	5	

1	2	3	4	5	
6	7	8	9	10	
11	12	13	
14	15	16	
17	18	
19	20	21	22	23	24	25	26	
27	28	29	
30	31	32	33	
34	35	36	37	
38	39	40	41	
42	43	44	45	46	47	
48	49	50	51	52	53	
54	55	56	57	
58	59	
60	61	62	63	
64	65	66	
67	68	69	70	71	72	
73	74	75	76	
77	78	79	80	81	
82	83	84	85	
86	87	88	
89	90	91	92	93	
94	95	96	97	98	99	100	
101	102	103	
104	105	106	107	108	
109	110	111	112	113	114	
115	116	117	118	
119	120	121	
122	123	124	125	
126	127	128	129	130	

5	1	13	2	5	13	13	8	23	8	18	14	2	15	2	13	12	14	18	7	12	18	13	12	12	24	7	7	5	11	

7	7	7	7	7	7	7	7	7	7	7	7	7	7	7	7	7	7	7	7	7	7	7	7	

